0.0013790130615234375
0.0009129047393798828
0.0009050369262695312
0.0007967948913574219
0.0007538795471191406
0.0007550716400146484
0.0009369850158691406
0.0008759498596191406
0.0007822513580322266
0.0007607936859130859
0.0007560253143310547
0.0007569789886474609
0.0007531642913818359
0.0007562637329101562
0.0007569789886474609
0.0007560253143310547
0.0007610321044921875
0.0007569789886474609
0.000759124755859375
0.0008280277252197266
0.0007669925689697266
0.0007600784301757812
0.0007882118225097656
0.0007557868957519531
0.0007579326629638672
0.0007569789886474609
0.0007550716400146484
0.00075531005859375
0.001013040542602539
0.0007879734039306641
0.0007660388946533203
0.0007610321044921875
0.0007588863372802734
0.0007548332214355469
0.0007569789886474609
0.0007560253143310547
0.0007557868957519531
0.0007581710815429688
0.0007543563842773438
0.0008077621459960938
0.0007569789886474609
0.0007588863372802734
0.0007889270782470703
0.0007600784301757812
0.0007538795471191406
0.0007581710815429688
0.0007550716400146484
0.0007569789886474609
0.0007538795471191406
