0.004089832305908203
0.00551295280456543
0.3539149761199951
0.031063079833984375
0.001373291015625
1.5198478698730469
0.06737422943115234
0.001180887222290039
3.381864309310913
0.10759806632995605
0.3687708377838135
0.020718812942504883
5.223783016204834
1.523651123046875
0.09397411346435547
0.0011038780212402344
0.0010669231414794922
0.036443233489990234
0.01001119613647461
0.07537174224853516
0.1233968734741211
1.0768101215362549
0.27776098251342773
0.336165189743042
0.07559013366699219
0.20756912231445312
0.08428120613098145
0.7355670928955078
0.2790191173553467
0.8537898063659668
1.2087411880493164
0.843742847442627
0.0033206939697265625
0.012495994567871094
0.05832815170288086
0.0046689510345458984
0.025043964385986328
0.019982099533081055
0.004852294921875
0.005812883377075195
3.558353900909424
0.11740708351135254
0.13217997550964355
0.19020986557006836
0.6358828544616699
0.06944894790649414
0.031079769134521484
3.271644115447998
0.03506612777709961
