66.8555121421814
1.7365338802337646
7.974102020263672
5.591222047805786
128.24322891235352
107.25116610527039
91.07370114326477
211.16158890724182
16.67707872390747
2.4406070709228516
1.0798299312591553
4.022262096405029
110.62225198745728
17.93222975730896
107.57014203071594
50.44925403594971
0.004925966262817383
0.3803439140319824
92.51453709602356
2.8300020694732666
84.90618515014648
32.61326003074646
0.11711907386779785
37.12980890274048
2.1317338943481445
6.8673388957977295
3.211880922317505
0.8623998165130615
1.558251142501831
0.24074029922485352
0.33406901359558105
52.92770791053772
2.481778860092163
139.23141288757324
5.018821954727173
0.6535286903381348
27.468804836273193
0.9212639331817627
7.976061105728149
3.0286288261413574
0.2207338809967041
1.1301980018615723
155.9690661430359
8.381629943847656
1.9957051277160645
7.843971014022827
22.37179398536682
22.88907814025879
4.394941329956055
0.08939313888549805
0.27271604537963867
14.01459813117981
2.196415901184082
3.937769889831543
14.310601949691772
1.9087951183319092
0.3697621822357178
0.7901630401611328
91.40820932388306
5.262704133987427
63.44409799575806
0.043222904205322266
7.640789985656738
1.2686991691589355
1.0676538944244385
9.169288873672485
34.53858399391174
1.4547579288482666
8.919624090194702
1.3792850971221924
0.7138917446136475
37.93137311935425
0.5060470104217529
9.247683048248291
0.7917711734771729
1.7410829067230225
4.525806665420532
2.1784260272979736
29.947749137878418
1.20735502243042
0.8238780498504639
0.10992598533630371
1.7237880229949951
0.6351149082183838
0.03265213966369629
2.9768519401550293
0.33977508544921875
8.648086071014404
11.196054935455322
182.1398730278015

