0.0011429786682128906
0.0009119510650634766
0.0007791519165039062
0.0007867813110351562
0.0007538795471191406
0.0007519721984863281
0.0007510185241699219
0.0007529258728027344
0.0007486343383789062
0.0008981227874755859
0.0010077953338623047
0.0013413429260253906
0.0010991096496582031
0.0014111995697021484
0.0021479129791259766
0.0008759498596191406
0.0008180141448974609
0.000782012939453125
0.0007610321044921875
0.0007550716400146484
0.0007517337799072266
0.0007569789886474609
0.0007569789886474609
0.0007560253143310547
0.0008220672607421875
0.0008192062377929688
0.0010280609130859375
0.0009489059448242188
0.0007960796356201172
0.0007641315460205078
0.0007579326629638672
0.0007588863372802734
0.0007588863372802734
0.0007538795471191406
0.0007529258728027344
0.0007531642913818359
0.0007600784301757812
0.0008177757263183594
0.0007758140563964844
0.0007588863372802734
0.0007550716400146484
0.0008208751678466797
0.0007557868957519531
0.0007560253143310547
0.0007560253143310547
0.0007562637329101562
0.0007548332214355469
0.0008749961853027344
0.0007662773132324219
0.0008051395416259766
0.0007150173187255859
0.0007090568542480469
0.0007071495056152344
0.0007078647613525391
0.0007081031799316406
0.0007059574127197266
0.0007050037384033203
0.0007078647613525391
0.0007100105285644531
0.0007102489471435547
0.0007939338684082031
0.0007660388946533203
0.0007531642913818359
0.0007510185241699219
0.0007388591766357422
0.0007090568542480469
0.0007081031799316406
0.0007140636444091797
0.0007066726684570312
0.0007710456848144531
0.0008401870727539062
0.000762939453125
0.0008039474487304688
0.002260923385620117
0.0008699893951416016
0.0010449886322021484
0.0007140636444091797
0.0007452964782714844
0.0007081031799316406
0.0007648468017578125
0.0007090568542480469
0.0007569789886474609
0.0007081031799316406
0.0007050037384033203
0.0007090568542480469
0.0007848739624023438
0.0007078647613525391
0.0007419586181640625
0.0007090568542480469
0.0008730888366699219
